one:
  id: 1
  collecting_unit: shc
  created_at: 2023-08-17 12:31:51.000000
  updated_at: 2023-08-17 12:31:51.000000

two:
  id: 2
  collecting_unit: sfc
  created_at: 2023-08-18 12:31:51.000000
  updated_at: 2023-08-18 12:31:51.000000
